-10147
-1522
-253
-411
-2952
-20321
-34061
-30507
-13604
-2800
-566
-109
-406
-14279
-31982
-32991
-19987
-3832
-380
-534
176
-5379
-25417
-35200
-25752
-8895
-867
308
217
-2166
-20277
-34002
-30429
-5937
7905
5709
818
-799
-12787
-32605
-33276
-19642
-5168
-218
31
-143
-5782
-24636
-34961
-28229
-8381
2548
9714
7049
2754
-18573
-32730
-29784
-12197
-1495
203
-17
-1495
-12747
-29779
-30699
-17208
-4069
-221
-536
368
872
-27022
-33140
-23541
-7646
-590
143
108
-3231
-20175
-31025
-28435
-12009
-1772
-354
-182
-1068
-15926
-32806
-32909
-13358
2536
143
-72
-381
-7663
-29107
-32984
-24840
-9024
-1079
-809
-9772
-48668
-30456
-28435
-38608
-54259
-3529
7530
2799
-2769
-14426
-29830
-33511
-17322
-3122
-142
-356
-276
-8464
-26027
-31704
-24697
-7551
-378
7018
9141
2912
-18632
-31801
-24686
-9447
-826
-338
28
-699
-15824
-33845
-28626
-15455
-1739
108
-389
-559
-2823
-21844
-32422
-20621
-4994
-194
43
102
-3549
-22191
-31331
-25432
-10167
-1211
-730
-764
-1687
-14746
-29886
-30188
-8262
4073
1657
-522
-1411
-9725
-28656
-30519
-19886
-6039
-1122
-276
-538
-4856
-23132
-32526
-27419
-6471
8692
7718
6558
-527
-17350
-30319
-28696
-13101
-1827
103
112
-104
-9536
-27392
-30951
-19468
-4356
51
1783
10173
1121
-24120
-33362
-25739
-8989
-571
-111
397
-1320
-17487
-28818
-27904
-13549
-1867
369
541
192
-10986
-27994
-31255
-19241
-4211
343
379
633
-4937
-23457
-32654
-25721
-9234
-892
-105
370
-2136
-19170
-32089
-29186
-3224
8545
6178
818
26
-10141
-29500
-32569
-20414
-6739
13
658
704
-6281
-25086
-32708
-25016
-7577
3746
11202
8074
2913
-17523
-33344
-30046
-12279
-1133
38
165
-208
-12934
-32519
-30816
-19392
-4276
-239
-336
5236
3440
-25239
-31531
-24765
-7131
-679
-472
-206
-4589
-20462
-32059
-30841
-10244
-694
603
645
248
-12713
-31396
-31446
-13397
2869
755
393
127
-5935
-26126
-30928
-24371
-7231
-130
294
97
-2167
-19196
-33822
-27457
-5338
8491
7410
3099
-1377
-15386
-31747
-33288
-19910
-4681
-438
-501
-333
-10199
-30060
-36853
-26791
-7241
-34
7995
9657
1498
-24946
-38141
-32811
-15519
-2892
-112
-149
-1677
-17493
-36456
-39278
-21901
-6034
-258
-114
-986
-12578
-32406
-40097
-26655
-10106
-1682
-861
-1017
-5901
-26688
-37830
-33602
-13343
-2069
-652
-817
-2807
-19024
-36052
-35609
-13532
3322
1517
-806
-1739
-12479
-33443
-34616
-24507
-7202
-1002
-224
-104
-4494
-26027
-35110
-29335
-9112
9038
8888
6943
-337
-17457
-33662
-32981
-16207
-2650
353
228
-499
-10644
-29798
-34147
-22280
-4927
-394
1664
10039
1905
-26076
-34574
-26684
-9669
-1792
-547
-139
-2056
-19562
-33048
-33716
-16633
-2036
487
174
-1227
-14486
-30594
-32657
-20534
-4170
55
436
206
-5277
-25132
-35617
-27069
-7274
-255
543
121
-1822
-17861
-33339
-31850
-5672
7384
5643
973
-651
-15117
-32639
-32065
-19672
-5262
-339
157
-393
-7294
-27538
-33926
-24862
-7786
3885
10959
8328
2490
-19119
-33122
-30189
-13537
-1841
344
681
357
-12129
-31012
-31409
-16696
-4646
-606
56
5139
3702
-27267
-32819
-24709
-7853
-206
279
-291
-2661
-20831
-34991
-31201
-12593
-1152
477
351
-1541
-16636
-33214
-33116
-15070
1874
424
363
317
-7529
-28067
-35439
-25402
-6265
-1
534
755
-2392
-22169
-35022
-28284
-6989
7215
8053
4087
-466
-16681
-35091
-31346
-18571
-3946
304
583
403
-8472
-29661
-36133
-25262
-5124
744
8088
8809
755
-20108
-33097
-29069
-11388
-1093
514
-26734
-118154
-70556
-30304
-35122
-29769
-5519
404
526
1020
39
-24446
-34147
-20876
-4602
-701
659
604
-4127
-26872
-32044
-28424
-12012
-679
741
714
-1144
-16729
-32931
-32399
-14046
3689
1641
153
344
-10448
-31447
-35147
-22147
-5594
304
780
988
-4113
-23376
-34801
-28173
-9081
8504
8917
7353
752
-17262
-32526
-29969
-15029
-2081
712
540
-279
-11469
-32447
-34482
-26969
-6417
-178
2508
10453
3151
-22329
-34069
-27567
-11506
-905
126
-147
-2666
-20092
-35828
-31192
-15347
-2699
257
550
-402
-12228
-31189
-33644
-20604
-4532
156
683
413
-4441
-24597
-34164
-27092
-7799
263
727
596
-2749
-21855
-34984
-29509
-6942
6509
4804
-74
-1269
-12768
-30751
-32686
-18736
-3302
78
299
-658
-8161
-26998
-33239
-25705
-8311
3788
10484
7341
3017
-20951
-36272
-28926
-11791
-1652
-203
101
-479
-14232
-31938
-34516
-21120
-6166
147
-9805
-128032
-194721
-47132
-31454
-28367
-11477
-1977
-762
-864
-10810
-28531
-32742
-29514
-13941
-2456
103
341
-626
-14164
-32992
-33548
-16819
-1385
-280
-375
29
-9476
-28736
-36056
-24714
-8771
-1063
233
229
-3632
-23605
-31531
-30303
-8241
7566
7546
3448
-1003
-15215
-31847
-33190
-18321
-3682
-292
-462
-466
-10937
-31188
-33136
-24244
-7481
144
7824
9168
2866
-20961
-33905
-32987
-16622
-1961
108
-139
-2515
-16904
-35542
-34157
-16999
-4094
69
-71
552
-2602
-26201
-35672
-23462
-5973
-19
-181
-39
-4667
-24813
-35183
-29869
-10719
-1122
-23
320
-1251
-18792
-37239
-34724
-12472
3485
1902
534
161
-10094
-30454
-34743
-24881
-6611
-349
26
120
-5197
-25005
-36423
-28627
-10181
8912
8849
6811
24
-16785
-32621
-33003
-16582
-2644
566
791
339
-9517
-29496
-35085
-23366
-5629
244
2988
10805
962
-26762
-33814
-28235
-9472
-404
920
-4838
-47467
-39627
-32236
-44642
-82709
-20717
644
684
-179
-12421
-29523
-33797
-22182
-3685
483
270
389
-5517
-24618
-33802
-28551
-9020
-613
254
266
-1643
-18129
-32947
-32497
-6979
7468
4928
678
-976
-12951
-32225
-33269
-21041
-4964
191
706
611
-7017
-27043
-33766
-26374
-9496
4036
9893
8181
2143
-21192
-34233
-31951
-13786
-1774
436
-34
-1191
-14853
-30843
-34346
-20599
-4674
264
848
6299
2359
-26670
-34233
-31354
-32530
-4189
-136
318
-3504
-24556
-34468
-30713
-12553
-1321
642
636
-452
-15356
-34734
-33527
-19209
-3046
74
279
143
-8301
-28561
-34905
-23346
-6271
19
367
326
-2917
-22522
-34619
-29155
-8697
7404
7941
3566
-1108
-15822
-32951
-33319
-15444
-2661
-361
-396
-708
-9429
-32303
-34020
-23396
-6403
523
8553
9301
2858
-20934
-33889
-29542
-11384
-946
146
-387
-1718
-15759
-32992
-33031
-17524
-3909
-352
21
1295
672
-24771
-33664
-22553
-6182
-415
38
125
-4421
-26636
-36503
-27632
-11181
-1487
138
27
-1206
-17486
-32707
-33692
-15028
4156
1469
-412
-11072
-11072
-29587
-35525
-22915
-5814
-119
154
41
-5009
-25753
-37181
-29549
-7871
8886
8444
6244
-1172
-18771
-33682
-16645
-16645
-3936
-651
-569
-1390
-14969
-33176
-34012
-23497
-6239
-686
2108
10113
540
-25848
-36221
-29815
-9112
-1601
-807
-663
-3376
-22274
-34817
-32641
-15457
-2809
-4
-42
-17550
-37624
-30597
-38736
-151905
-102263
-2024
-49
-215
-6359
-27132
-35480
-42012
-31494
-4299
-787
-219
-2604
-24522
-33904
-32685
-9232
6414
5003
648
-547
-14492
-31829
-38864
-52599
-14756
-479
-211
-749
-7972
-29597
-37187
-26710
-8192
4867
10318
7359
1706
-20887
-35566
-31275
-14134
-2019
-495
-417
-644
-14167
-32672
-32877
-19300
-4014
116
361
6350
514
-29971
-34963
-25422
-7996
-581
-641
-334
-3814
-21487
-34552
-31462
-13156
-1777
-22
492
-464
-15043
-34629
-33829
-15846
93
53
361
451
-8009
-29206
-35789
-25469
-6006
274
254
329
-3571
-22756
-34797
-30071
-6713
7698
7003
2976
-1394
-17466
-35696
-33104
-17688
-2001
594
575
489
-9576
-29042
-35801
-26301
-7930
388
8794
9340
3177
-21494
-37246
-30277
-11587
12
1049
724
-526
-16661
-34212
-33606
-16869
-3618
-65
93
1737
2467
-25921
-35516
-21502
-7066
-516
549
283
-5653
-27334
-34901
-29203
-11361
-681
957
873
-989
-19472
-36066
-33578
-13261
3749
1757
326
-318
-12549
-31610
-35873
-22746
-5048
106
298
321
-4836
-25947
-35376
-27690
-7706
8939
8342
5924
-729
-19591
-34687
-32091
-16942
-2425
424
125
-589
-13659
-31551
-35316
-22018
-6777
183
2258
-23162
-67584
-35348
-33944
-39014
-35022
-3079
-37
-122
-3567
-21091
-35495
-32897
-15122
-2958
534
331
-475
-12866
-33321
-34709
-20861
-5535
21
318
392
-5157
-25990
-37296
-27262
-10042
-390
548
391
-3743
-23792
-35446
-32502
-10932
5042
5103
666
-260
-13090
-29416
-35551
-24802
-7467
571
1027
-1387
-10535
-28664
-35040
-28661
-8214
4544
10440
7731
1392
-20370
-33960
-33012
-13242
-1706
62
-339
-922
-14435
-31481
-35800
-19649
-3171
-544
-406
6320
349
-29542
-34524
-26518
-7711
-1214
-767
-277
-3197
-22766
-35060
-30983
-13697
-2176
116
143
-1161
-15497
-36539
-34313
-17452
-634
-150
-817
-873
-9252
-30138
-34942
-25160
-7369
52
436
348
-3254
-23119
-35361
-29712
-4114
8254
6629
2329
-1620
-17531
-33619
-34542
-18234
-3555
91
-136
313
-8187
-29462
-37356
-25229
-6124
356
9292
9518
2491
-22206
-37045
-29688
-11202
-577
448
383
-712
-16767
-33683
-33579
-15565
-1479
811
905
1934
1278
-26801
-35246
-23042
-6638
-354
-267
189
-4100
-26964
-35646
-27873
-12368
-594
206
141
-1384
-17740
-34261
-33549
-14906
4040
1688
434
-316
-13096
-30661
-35703
-25106
-6249
-142
423
-46
-5651
-24169
-34989
-28493
-7394
9642
8241
5721
-667
-18391
-34797
-32519
-13587
-2014
10
116
-958
-13902
-31732
-39775
-105640
-104614
-7319
2692
-7002
-15271
-25941
-33021
-28817
-11762
-2505
-246
128
-2066
-20045
-34205
-31186
-14486
-2446
-36
253
-521
-14079
-31099
-34464
-20896
-4561
-62
214
591
-6313
-27614
-34672
-25561
-9189
-797
135
-44
-3651
-22549
-32626
-33894
-7243
6411
4008
93
-837
-14355
-31432
-34675
-21319
-4632
-342
-257
-490
-8221
-26636
-34789
-26309
-8927
4313
9071
7001
234
-24377
-34201
-31933
-12896
-1547
-123
11
-936
-14476
-30657
-35671
-21416
-3985
-456
163
6652
-581
-26947
-33586
-26357
-8629
-859
-346
-574
-2949
-21469
-34286
-32167
-12974
-1159
508
443
-1171
-18461
-34489
-33287
-16012
-515
489
670
159
-12461
-30697
-32145
-25712
-7369
181
785
888
-3766
-24148
-37641
-30122
-2205
8699
7523
2934
-904
-16138
-31884
-33927
-18999
-3876
-259
482
457
-9339
-28347
-34801
-24956
-7081
986
8987
7977
1553
-24369
-36625
-28749
-12049
-687
756
746
-551
-15313
-33792
-33999
-18092
-3105
227
388
1738
-752
-26366
-47162
-169976
-197601
-22171
679
724
-4436
-24501
-33415
-29458
-10393
-1424
420
754
-1610
-18262
-34258
-34459
-11111
5405
1273
854
299
-14266
-30895
-33636
-23766
-6346
-228
-53
138
-3816
-25157
-37327
-28947
-6079
10131
8511
6148
-876
-19009
-36373
-33491
-16959
-1861
696
651
95
-11164
-31323
-35367
-22408
-5145
301
3407
10551
1711
-23831
-35476
-28193
-9674
-1209
338
759
-2126
-22276
-37280
-30762
-14911
-1046
1163
841
200
-11727
-31074
-34382
-21624
-5486
-134
-140
13
-6584
-27958
-36877
-26818
-8262
-394
236
776
-1491
-19804
-35629
-32211
-6219
6791
4893
564
-261
-14166
-32767
-33789
-19849
-3744
86
313
-14
-7676
-27698
-35624
-25922
-8692
5609
10974
8499
1549
-22576
-36566
-29782
-13751
-2104
344
1246
-26
-14562
-34144
-34371
-19492
-3134
817
843
7587
1094
-27196
-35144
-25050
-6977
502
776
657
-3062
-21605
-35435
-31629
-12024
-443
959
1013
-707
-17661
-35106
-32757
-14768
-63
851
408
191
-7896
-29988
-35308
-25104
-8543
-649
176
68
-3834
-22854
-37317
-30350
-5249
8781
7739
2474
-889
-16423
-33005
-34345
-17482
-2586
410
60
271
-8803
-29816
-35872
-24511
-6099
1288
9463
8964
2721
-24006
-34582
-29054
-11609
-741
638
483
-1398
-18392
-33454
-33783
-17911
-2879
-115
258
1974
1303
-28959
-35587
-21604
-5710
-51
238
342
-4283
-24179
-35461
-29744
-10989
-1032
414
743
-1155
-18004
-35042
-34235
-9757
5779
1231
58
-283
-12218
-32961
-33887
-22967
-4933
144
-239
-434
-5113
-24618
-35860
-29676
-9122
9657
8615
5961
-2477
-21504
-35057
-32743
-15997
-2688
118
-75
-677
-12564
-31600
-35982
-23657
-5007
704
3950
10934
1678
-24352
-36797
-28359
-8241
-338
436
64
-2585
-21461
-35675
-31508
-15124
-2503
609
-1251
-42966
-49937
-31686
-38064
-104610
-67605
-1024
11
-233
-7074
-26321
-35644
-28486
-8172
318
-19
328
-2318
-19806
-31758
-33014
-8725
7364
4728
806
-754
-13854
-31842
-34917
-20504
-4957
-209
204
151
-7802
-27458
-34321
-28079
-9110
4144
8732
6728
-1051
-22659
-33489
-33093
-14069
-1606
133
66
-1145
-14836
-31412
-34175
-20505
-3424
360
849
7487
-589
-27492
-34329
-25829
-8301
-851
-37
-511
-11613
-33437
-34019
-31412
-13151
-1914
31
-5131
-12660
-24980
-34767
-33766
-19404
-3197
118
298
39
-9969
-28777
-35020
-26029
-6831
47
547
391
-3527
-22298
-34109
-30583
-953
9120
7065
2033
-1506
-18732
-34547
-32344
-17412
-2613
323
88
-276
-10481
-31005
-37329
-23574
-6131
978
8908
8528
3604
-21952
-35341
-29299
-11714
-1282
49
63
-1303
-17444
-33939
-33334
-16398
-2697
4
367
1384
-1912
-29567
-34054
-20327
-5839
-592
133
629
-5087
-26171
-37751
-29093
-10034
-142
1019
893
-1150
-17887
-35464
-33486
-13895
1888
1498
-34652
-239843
-237131
-48054
-34276
-23134
-5608
464
663
-134
-6972
-27044
-35651
-28383
-6196
10079
8571
5099
-31721
-39793
-33930
-33123
-15929
-3417
-138
-707
-5996
-17724
-30922
-34557
-22471
-6249
-829
3955
11130
2601
-22102
-33825
-28563
-9227
-1033
-371
-464
-2468
-22007
-33853
-32161
-15873
-3904
-226
191
-2154
-26374
-32915
-34206
-21724
-4816
305
310
301
-6074
-27709
-33929
-26409
-8153
-837
-220
-168
-16674
-30396
-34116
-31027
-4136
6829
4129
129
-1094
-15341
-32057
-33598
-19741
-4634
-831
-154
-1342
-9276
-29199
-33187
-26918
-7666
5748
9368
7372
-120
-23510
-33782
-32727
-14588
-2619
-2
121
-1897
-15886
-32858
-34571
-18988
-3444
124
426
7184
-1421
-27611
-34857
-25313
-6541
-101
13
-281
-3401
-24859
-38186
-50133
-80172
-26287
-276
-341
-1533
-19644
-33635
-33504
-17896
-1610
531
569
133
-10343
-30011
-34018
-25252
-8529
-652
-112
-122
-4497
-24761
-34678
-29910
-4734
7673
6621
1952
-1739
-17733
-33281
-34277
-18254
-2789
365
557
395
-11011
-30227
-34243
-24610
-7585
907
9283
-704
-15701
-24737
-34186
-29644
-12339
-1983
239
403
-1169
-16242
-31802
-33375
-17568
-3709
-52
273
-11274
-37551
-31231
-33889
-22007
-7704
-931
571
608
-3775
-23811
-35102
-29386
-10332
-641
-264
-111
-2198
-19507
-33956
-31948
-12209
1638
611
-206
-475
-12524
-32132
-33379
-23496
-5322
169
389
351
-6080
-26600
-34677
-29821
-8324
10028
8196
5883
-2028
-21372
-34806
-32889
-15927
-1340
386
-987
-20435
-32791
-31915
-34786
-21101
-5370
178
3566
9276
1436
-24132
-35421
-27577
-9242
-836
-230
-236
-1931
-22609
-35177
-61837
-152657
-70253
-426
-428
-1186
-15839
-33537
-35148
-18236
-5157
-756
-232
-1022
-7964
-28965
-34861
-28132
-8122
-365
45
100
-2808
-21298
-34187
-33790
-7725
6273
3641
532
-249
-14887
-32096
-33766
-21959
-4313
131
260
396
-8810
-28614
-35719
-28706
-7401
6161
10014
7401
-174
-21104
-30966
-29578
-13321
-1620
234
-9672
-29773
-32275
-34157
-37434
-19440
-3442
-398
46
6938
37
-28866
-33272
-25574
-10472
-1099
-57
161
-4419
-24456
-35260
-30382
-12197
-1507
23
-2766
-9230
-28428
-34442
-33208
-15713
-1345
-1
-112
-846
-9478
-28445
-35224
-24809
-6896
-559
-421
-2996
-10288
-27589
-35209
-29121
-1370
8799
7249
2076
-1159
-15361
-33510
-33182
-19297
-3304
264
366
-18
-10407
-34537
-38702
-83311
-95976
-8278
9581
7917
2563
-22193
-35922
-28479
-11160
-1942
-745
-219
-15696
-31540
-33748
-33491
-16911
-3598
188
298
1174
-4838
-30076
-33837
-22399
-5779
-643
-472
-8918
-54399
-36977
-35464
-30086
-11477
-1407
-584
-281
-1788
-18969
-35173
-34279
-12884
2751
-59
-724
-1506
-12183
-30686
-34986
-23082
-6002
-187
188
-106
-6296
-26099
-34369
-29700
-8691
8726
7822
4834
-1929
-22031
-32694
-31626
-16168
-2601
-19
198
-841
-12498
-30605
-36079
-23901
-3526
-165
4286
10219
-701
-27441
-36051
-28377
-8268
-772
-271
-736
-4177
-34136
-32687
-15104
-1557
606
156
-1002
-15094
-32679
-34558
-20599
-4150
161
26
-149
-8218
-32383
-33229
-26314
-916
-916
262
684
-2400
-21748
-36330
-32959
-5262
7838
4312
712
-1716
-14586
-32557
-33089
-19629
-3475
753
651
769
-6606
-27388
-37154
-26645
-7486
7107
10129
8038
1613
-22925
-35346
-32248
-16557
-1924
458
-52489
-255221
-198758
-40441
-33361
-20495
-3994
603
1280
8488
-509
-26166
-33369
-26782
-8256
-631
-124
132
-3849
-21616
-33167
-31297
-12573
-1221
753
559
-1146
-18190
-35865
-32807
-17626
-1010
436
838
121
-9909
-29998
-36108
-26027
-7366
289
744
803
-3388
-23594
-33109
-30503
-1220
8815
7147
1793
-1360
-17239
-32722
-33695
-16697
-2430
1044
1356
961
-10039
-31158
-34166
-21303
-6936
961
9658
9356
2113
-23508
-33641
-31362
-12201
-1440
79
406
-311
-16529
-32714
-32387
-18591
-3249
660
-13674
-44420
-44333
-30252
-34181
-23322
-5140
266
261
-984
-13965
-26877
-34414
-26889
-11127
-1289
296
126
-1779
-20575
-36212
-32718
-10426
2369
1501
1051
337
-10729
-29449
-37459
-22101
-2304
1189
857
1054
-4727
-25993
-35901
-27837
-5531
10261
8811
5570
-2923
-18467
-35169
-32617
-15353
-2963
442
13
-144
-11883
-31713
-35177
-21746
-5187
530
5309
11134
-1746
-28244
-34759
-26305
-7751
536
1176
1261
-1659
-21053
-34621
-31026
-14365
-1803
1559
1509
984
-12006
-31646
-34441
-20854
-4623
853
799
1139
-7565
-27914
-34679
-23962
-8634
-362
991
1498
-3051
-21286
-35914
-32213
-5383
7961
4923
2032
833
-14131
-31834
-35232
-19802
-3549
1387
1761
1700
-6832
-28814
-34309
-26464
-6594
8921
11531
9383
1495
-23496
-35412
-30328
-14149
-907
1871
1961
349
-15513
-32071
-33603
-20030
-3867
1752
2956
10519
-222
-27499
-34749
-24919
-7108
1156
1888
1361
-2775
-26499
-35338
-31427
-13657
688
1727
1483
500
-16413
-36039
-32976
-17375
239
2037
1564
1582
-7855
-30394
-39363
-41487
-48826
-4888
1256
-26596
-59178
-29284
-34692
-30532
-1737
9821
8232
3128
47
-14812
-34145
-33729
-18742
-2958
1404
1300
1669
-11192
-28961
-34876
-24915
-6269
3645
12302
10496
4132
-21663
-34964
-30490
-12784
538
2038
1990
-123
-15893
-33997
-34046
-18204
-1554
2121
2374
4703
4133
-26617
-35001
-23480
-5681
1360
1721
1364
-4075
-25863
-36154
-29324
-10706
321
1955
1613
-682
-20149
-35431
-32754
-10816
5533
2098
1450
1370
-11112
-30384
-35488
-24086
-4852
2206
1971
1116
-5047
-28655
-37067
-28136
-3841
12052
9499
6541
-1432
-21706
-35052
-31206
-15284
-378
2693
2415
1143
-11357
-30921
-35195
-22643
-5534
2033
7504
12443
183
-27874
-34239
-27214
-8114
1421
1768
2178
-409
-20297
-34966
-30354
-12974
-348
1838
1914
1789
-14427
-34209
-34674
-18976
-3226
2369
2534
2563
-4984
-26957
-36083
-24274
-5952
1816
2166
2097
-1685
-21452
-35641
-34154
-5066
7752
5816
2416
1369
-14258
-33817
-32133
-18565
-1971
2779
2432
1316
-8097
-28492
-36498
-26184
-6894
8919
11429
9786
2031
-21641
-35499
-31594
-12588
131
2637
2721
1053
-16069
-33849
-32712
-18112
-3615
1700
3010
9631
-664
-28061
-33571
-25444
-6108
1946
2524
2524
-1880
-23180
-34706
-31084
-11702
1109
2136
2499
1346
-15096
-34463
-33495
-16201
578
1618
2189
1710
-9359
-32736
-34125
-24250
-6176
1636
2155
1891
-2928
-22244
-36579
-29568
-1577
9988
8123
3176
907
-15542
-33823
-33364
-17501
-927
2332
2455
2371
-8380
-31093
-32740
-21213
-5880
3611
12266
10019
3240
-25398
-34415
-29571
-11513
130
1814
1609
-277
-18409
-35212
-34321
-16676
-1992
2170
2403
4376
4665
-26235
-34938
-22559
-5213
1256
1948
1918
-3946
-25075
-35567
-29234
-10367
1236
2226
1726
-216
-17732
-34361
-32756
-10568
5233
2551
2089
1068
-9459
-32049
-36927
-21447
-5153
1224
2011
1806
-4109
-26019
-36038
-27711
-4801
11431
9198
-36435
-145331
-70189
-32105
-35147
-19624
-2032
1508
1569
942
-13774
-31296
-33520
-22053
-5175
743
6876
12438
1500
-24764
-34666
-29969
-8011
976
1073
1126
-2156
-19757
-35879
-31600
-14636
-2072
768
1421
784
-13996
-32704
-35107
-20761
-2936
1445
1589
1165
-6605
-28631
-36927
-25554
-7522
-1019
150
370
-3214
-22782
-34407
-32675
-8229
5123
3821
632
-694
-15250
-33104
-34622
-20839
-4750
-116
-1
-116
-8169
-28121
-34659
-26105
-7616
8393
10916
8753
-141
-23222
-33879
-91716
-199426
-81335
1224
267
-6394
-18584
-31994
-33415
-18754
-3403
1644
2499
10086
-501
-27220
-34332
-26107
-8762
408
1476
1199
-4022
-24671
-33882
-29831
-12486
143
761
1081
-131
-16216
-33952
-33534
-16672
-676
1324
1323
1024
-7513
-28492
-36024
-26389
-5872
179
-55
118
-3988
-21204
-34721
-29287
-4450
8686
7442
2319
-609
-15971
-31365
-34733
-17761
-3320
-95
173
230
-8861
-29144
-35539
-24199
-6248
2271
10838
8409
3094
-21307
-34690
-29274
-10948
-248
574
-79
-1266
-17135
-33446
-33371
-16719
-3328
308
-54
2301
-1466
-27246
-35642
-25126
-5907
433
756
453
-4556
-23439
-36122
-28309
-9871
-389
666
518
-1651
-18844
-36628
-32107
-14495
645
1180
208
-258
-13938
-33306
-34677
-21536
-4867
325
480
306
-5327
-24322
-37074
-28693
-5501
9269
7965
5323
-2629
-20357
-36068
-32624
-13739
-2645
93
609
61
-11923
-32283
-35928
-20221
-3845
401
4549
10571
243
-25226
-33938
-25692
-8646
-371
647
504
-2761
-24345
-35252
-30647
-15419
-2591
18
-304
-824
-14024
-31006
-35183
-21272
-4449
-94
-301
-272
-7637
-29110
-36090
-27628
-8734
-1081
-602
-193
-2969
-20054
-36027
-32671
-5930
5761
2996
7
-1203
-14408
-32002
-34099
-19257
-4666
-289
259
169
-8541
-30011
-32979
-25408
-6782
6998
9043
6918
-1960
-21906
-37219
-30513
-11721
-1706
-323
-74
-1400
-15439
-32861
-33837
-18938
-3762
-53
339
8107
-1698
-27597
-34411
-24909
-6692
-142
4
73
-3741
-22507
-34961
-30131
-13007
-2364
-814
-891
-2436
-20807
-33514
-32116
-17213
-2256
-936
-876
-991
-8666
-29061
-37919
-23526
-7382
-1436
-837
-416
-4311
-25186
-37134
-29672
-5330
6970
5685
1088
-1684
-17773
-33921
-33054
-17322
-3124
-741
-760
-1274
-10051
-29305
-35806
-23970
-5486
811
8795
6726
-1327
-25481
-34216
-28821
-11009
-1929
-942
-951
-2459
-17596
-32029
-31077
-16975
-3241
-977
-924
1133
-5483
-29123
-33602
-22314
-5403
-1041
-929
-944
-5985
-26804
-35139
-27880
-10272
-2069
-935
-941
-2771
-19462
-34520
-32402
-14242
487
-496
-936
-1292
-11778
-31334
-34957
-22121
-6472
-1168
-927
-952
-5662
-25697
-35851
-27328
-6574
4556
5144
2939
-3577
-23256
-33669
-31793
-15888
-986
-986
-925
-1666
-14589
-32219
-34156
-22666
-6210
-1147
3437
6949
-4265
-26106
-34941
-26852
-9413
-1727
-934
-945
-3650
-21104
-34758
-31723
-13686
-2521
-961
-947
-1792
-14882
-30837
-35180
-17651
-4008
-1061
-939
-962
-7507
-28472
-33414
-24899
-9023
-1344
-953
-941
-3891
-21363
-35291
-33910
-12310
2143
1293
-889
-1675
-14599
-34526
-34669
-19957
-3679
-973
-942
-1003
-8355
-28696
-35275
-25372
-8016
4600
5842
4138
-1552
-21949
-35412
-30959
-13971
-2662
-967
-949
-1553
-15448
-33061
-33571
-19667
-3734
-991
-5396
-53719
-74552
-34636
-32161
-36481
-26228
-2766
-927
-964
-5525
-25477
-34232
-31211
-11383
-2437
-1190
-962
-2009
-16713
-33951
-33459
-18891
-3907
-964
-935
-1099
-9970
-30011
-36393
-24201
-6386
-1062
-934
-1002
-6269
-26609
-35041
-28936
-6060
3428
2452
-239
-2202
-17153
-33149
-33667
-19826
-3679
-956
-957
-1199
-10427
-32598
-36426
-22524
-6370
507
7063
4348
-969
-23128
-35337
-29268
-11624
-1960
-954
-942
-2191
-16884
-33636
-33441
-16607
-3276
-1002
-945
28
-9177
-31622
-33695
-22414
-6210
-1156
-959
-22056
-65431
-34247
-33884
-63424
-91162
-10787
-954
-950
-2796
-21159
-34585
-33730
-15362
-2333
-661
-931
-1445
-11769
-30007
-34954
-23978
-6531
-1078
-954
-984
-6534
-26219
-34748
-29677
-9309
4443
4653
1891
-2563
-21182
-33241
-32422
-16240
-3181
-952
-944
-1830
-14059
-30826
-34786
-24174
-6532
-1120
3696
7768
-2931
-24644
-34321
-28337
-9456
-1576
-944
-952
-3251
-19946
-34724
-31867
-14628
-3502
-963
-937
-1936
-17362
-33002
-34426
-19838
-5500
-1113
-936
-970
-8464
-27745
-34509
-28125
-9934
-1689
-923
-939
-3583
-22474
-35423
-32425
-9425
2292
1514
-882
-1591
-14254
-32547
-34000
-19724
-4568
-1007
-938
-1094
-8725
-27287
-33791
-26102
-8751
5356
7479
5469
-2596
-25873
-33235
-30538
-13101
-2253
-961
-946
-1932
-16065
-33181
-34117
-20945
-4391
-1023
-249
7345
-2299
-28542
-34739
-25841
-7502
-1171
-927
-928
-4264
-22704
-35005
-30674
-12791
-2281
-952
-936
-2341
-18272
-35752
-30820
-15476
-2561
-907
-919
-1236
-9877
-30047
-35561
-25340
-6828
-1241
-929
-951
-4632
-24032
-34777
-29136
-5419
6097
5055
378
-2219
-16902
-34064
-33478
-17912
-3282
-952
-908
-1133
-12626
-31677
-33792
-23952
-6830
911
9325
7324
86
-22888
-34643
-30609
-10306
-949
-329
-454
-3760
-21896
-33674
-32348
-17551
-3378
-675
-447
1903
-1676
-28999
-33712
-22694
-6787
-1141
-670
-319
-5857
-25027
-35615
-26578
-10171
-1277
-278
-754
-3049
-19942
-34497
-33401
-13595
1336
455
20
-502
-12486
-30281
-34899
-24014
-6394
-769
-441
-692
-7320
-26297
-35199
-28144
-5874
8765
7419
4359
-2089
-19994
-34539
-31302
-15873
-2721
-759
-469
-841
-13524
-31817
-34391
-22117
-6362
-413
5581
9937
28
-24381
-34387
-28051
-7717
-794
19
-6968
-50032
-39956
-33402
-38559
-50989
-11926
-724
-1196
-32577
-65982
-33229
-34192
-19352
-4642
-614
-417
-924
-7446
-28447
-35661
-23742
-10014
-1896
-42
198
-3483
-22747
-35523
-30209
-8096
4668
1828
-810
-1798
-15073
-32673
-34897
-19394
-3996
-676
-890
-11872
-34456
-28677
-35247
-26049
-7784
7431
8206
5961
-2142
-23134
-35966
-30522
-13319
-2163
-838
-523
-2769
-18702
-31582
-33689
-20283
-5003
-437
436
7274
-3000
-27772
-31804
-24251
-8452
-1353
-304
131
-4006
-24732
-35741
-32346
-13500
-1387
-225
-474
-2273
-18172
-34311
-32865
-17841
-2641
50
51
-95
-9492
-29631
-35439
-24115
-7001
-754
-151
-221
-5714
-25643
-33518
-28026
-526
6946
5255
689
-1784
-17024
-34032
-34384
-16091
-3909
-476
-706
-1402
-13666
-29854
-35499
-30129
-8712
969
8947
6336
-1961
-23406
-35915
-31049
-11849
-1622
-924
-919
-2622
-19244
-35451
-32799
-17526
-3882
-548
-25384
-180470
-177465
-38658
-34054
-28478
-9839
-1165
-342
-2013
-12996
-28278
-35175
-28714
-11860
-2439
-533
-800
-3333
-24074
-34610
-32724
-14084
336
-111
-820
-2134
-14652
-29469
-34468
-24611
-6410
-1086
-546
-522
-6154
-26245
-35440
-27736
-5757
8306
6516
3538
-2624
-20191
-34457
-32237
-14369
-3192
-694
-808
-1822
-15425
-32186
-33974
-23416
-6299
-814
4938
8900
-1291
-26714
-35558
-27776
-10253
-1476
-903
-825
-3379
-22719
-35357
-32287
-14554
-2673
-830
-759
-1614
-15739
-32039
-34249
-19751
-4347
-987
-916
-994
-8110
-28756
-35919
-26725
-7657
-1244
-893
-874
-5011
-23232
-33502
-33110
-11026
2917
1892
-874
-1858
-14499
-32103
-34435
-19891
-5062
-1030
-931
-1364
-11110
-31037
-34833
-23219
-8234
6234
7341
5128
-2536
-22581
-35621
-30475
-13384
-2193
-939
-934
-1796
-15848
-32496
-35677
-17525
-3242
-972
-87
6944
-5479
-30143
-34982
-26509
-8361
-1346
-1733
-36601
-99144
-46074
-33754
-42693
-41618
-6970
-946
-942
-2161
-16554
-33670
-33314
-17826
-3950
-1196
-909
-1055
-9735
-29179
-35296
-25959
-7076
-1202
-932
-985
-6833
-25982
-34497
-29574
-5944
4671
5283
356
-2733
-18884
-32312
-34947
-19171
-4017
-983
-916
-1140
-11314
-31906
-35226
-24993
-5721
1732
9668
7412
1172
-24818
-36426
-28846
-12116
-2059
-728
-603
-3534
-21061
-34200
-33249
-18166
-4198
-1038
-927
568
-4307
-31444
-35378
-23572
-7475
-1186
-896
-965
-6082
-25281
-36956
-29977
-12391
-2152
-851
-867
-2417
-19542
-36194
-33242
-16187
162
-312
-779
-1566
-15949
-33016
-34138
-23516
-7370
-1016
-816
-734
-6709
-27102
-37026
-30029
-6872
7568
6814
3569
-2907
-19322
-35400
-32969
-16579
-3161
-826
-601
-1343
-13249
-32664
-36273
-21889
-6265
-1081
4801
9155
-774
-25651
-35804
-25874
-11559
-2109
-921
-785
-4181
-25126
-34332
-31957
-14786
-2408
208
-94
-1871
-16322
-32656
-34612
-19952
-5328
-630
-298
-411
-7902
-28499
-36452
-27934
-8723
-585
401
244
-3241
-22270
-37047
-33196
-12017
4029
3104
344
-1220
-18486
-34835
-36066
-20762
-4436
-262
-41
-527
-9340
-30367
-39485
-26812
-8329
6663
8554
5883
-1794
-21894
-36353
-33804
-14025
-1971
-638
-597
-1518
-15094
-34029
-37001
-19936
-4521
-901
35
7836
-3116
-30194
-36650
-23920
-8413
-1354
-917
-1107
-7171
-23759
-34558
-31574
-13328
-2742
-799
-834
-2229
-17599
-36371
-35559
-17108
-1557
-906
-916
-1337
-9187
-28357
-36186
-24613
-8041
-1754
-949
-930
-4638
-23521
-35863
-30031
-4969
5479
4508
60
-2116
-15996
-32679
-31109
-17727
-3701
-934
-930
-1436
-13300
-30971
-35478
-23702
-6755
899
7898
5064
-251
-22779
-37859
-31236
-11949
-2399
-946
-977
-3679
-19278
-35259
-33697
-17572
-3601
-948
-953
1576
-3153
-30420
-36782
-24192
-7090
-1156
-932
-962
-5846
-26107
-36819
-26890
-10631
-2029
-964
-949
-3925
-20708
-34958
-34235
-16252
-1565
-750
-952
-1687
-13076
-31300
-37112
-26714
-6704
-1157
-941
-1327
-8397
-25980
-37321
-29666
-11377
2798
3381
1437
-2946
-21609
-37894
-38344
-29381
-15063
-1051
-15982
-165482
-102731
-35351
-38800
-24831
-8434
-1302
3552
5542
-7623
-31512
-37839
-32899
-13026
-2077
-962
-957
-4484
-25359
-37924
-35703
-19542
-3753
-951
-937
-2724
-21023
-36218
-38894
-26386
-10891
-1505
-941
-1072
-8888
-30172
-38442
-31866
-11511
-1892
-941
-984
-5174
-26870
-39379
-35777
-17445
-857
572
-1031
-2979
-16816
-35448
-39677
-23936
-6798
-1275
-945
-1166
-10482
-30690
-37775
-29644
-9967
4646
4791
3408
-4901
-27614
-34082
-34392
-16004
-2426
-941
-955
-2410
-18369
-35317
-36901
-23896
-5332
-1011
-162
5853
-5724
-31839
-37890
-28075
-9352
-1571
-928
-929
-4824
-25658
-38062
-33397
-14796
-2359
-922
-922
-2418
-17927
-35881
-37039
-19284
-4316
-979
-960
-1606
-13715
-31172
-39531
-28360
-7246
-1327
-949
-957
-6781
-26903
-37407
-34466
-10041
3382
3311
-177
-2196
-18021
-36506
-36473
-19904
-4582
-997
-936
-1186
-12560
-33113
-36886
-22737
-8312
825
8261
5672
-461
-24994
-37892
-31765
-14626
-2197
-947
-956
-2597
-19505
-35737
-33229
-18376
-4021
-950
-941
-169
-3956
-29914
-37074
-25493
-5141
-1034
-937
-955
-6064
-26738
-38096
-29441
-10797
-1785
-933
-966
-3204
-21232
-36391
-32984
-16924
-527
-671
-940
-1761
-16403
-32146
-35530
-25877
-8139
-1049
-937
-1024
-7347
-27590
-37252
-31502
-10496
5498
4664
-89968
-295347
-161342
-37684
-35617
-21089
-10967
-1375
-935
-3100
-16994
-32630
-37279
-22941
-7481
-1117
5223
9287
-2396
-28429
-36125
-29555
-10021
-1224
-525
-557
-3869
-22526
-35041
-36560
-18189
-2619
-430
-150
-1685
-17222
-34642
-35526
-21652
-4917
-529
-449
-881
-8276
-28157
-36638
-29571
-9982
-1273
-66
-13
-3102
-23025
-36300
-32207
-12266
4934
2854
-166
-1817
-18231
-32744
-33865
-21812
-5333
-286
13
-684
-9712
-28794
-36722
-29750
-11549
6042
8970
6931
-1566
-22756
-34215
-32002
-14749
-2614
-527
23
-1057
-15547
-33492
-34012
-20525
-3571
268
1267
8962
-6148
-30520
-34681
-27376
-9158
-543
106
524
-5307
-25062
-37226
-32226
-13971
-1767
597
663
-776
-17061
-35922
-35336
-19429
-2627
376
382
-232
-10094
-32045
-36633
-26917
-9696
246
613
164
-4357
-23641
-34320
-31621
-6021
7510
6958
1400
-2051
-18429
-34418
-35785
-19787
-3771
237
511
-159
-9726
-30558
-37196
-27011
-6676
2211
10364
8592
2724
-23869
-36245
-31016
-12987
-1561
193
-422
-23044
-32274
-33769
-45601
-107611
-36943
478
728
3673
-3734
-29117
-34636
-24609
-4772
1313
1501
1297
-5370
-25875
-36178
-32135
-10069
794
1934
1778
-314
-19355
-37304
-35201
-14122
3746
1271
864
700
-11001
-32754
-36827
-22566
-5379
863
1072
1426
-5906
-26157
-33762
-31779
-5662
11644
9652
5958
-2013
-20607
-33556
-34319
-16753
-1535
1285
1173
622
-12911
-34091
-37784
-23203
-4681
1469
7394
11599
1957
-24795
-36784
-28789
-8485
1338
1727
1755
-1009
-20845
-36186
-33172
-14497
hr=118.57707
