-481
-449
-481
-9256
-30129
-36482
-24851
-7381
-1114
-555
-682
-5306
-24596
-35919
-28682
-6063
7010
5568
801
-3635
-18364
-33397
-34915
-19157
-3071
-769
-822
-942
-10751
-31719
-37822
-25459
-7438
616
9226
7162
1276
-21392
-36281
-31047
-11013
-1554
-899
-859
-2254
-17634
-34724
-35139
-17975
-3991
-976
-942
1582
-3257
-29542
-34224
-21927
-6859
-1119
-939
-943
-7108
-25407
-35134
-31356
-10991
-1991
-939
-954
-2774
-17336
-37044
-35654
-17422
-1407
-447
-919
1382
896
-3177
-6400
-2604
907
691
1415
1533
1502
-4089
-12335
-7595
1517
1638
1546
1301
1199
-487
-6301
-5340
-451
1603
1741
1808
1158
-469
-3288
-6223
-2142
1333
6574
5059
971
352
-919
-4850
-4978
-1791
454
1449
1530
1629
598
-5819
-6283
-2002
1841
8804
11554
7831
4209
-1392
-4835
-2357
1116
1409
1478
-57
-1461
-2432
-5636
-3039
838
1684
1538
1320
8491
9011
-5136
-5862
-511
1199
1467
1068
763
1280
-1438
-4862
-2001
906
981
899
1612
1941
-110
-6849
-331
7214
4518
1724
1736
1545
271
-5102
-5044
-157
1796
1911
1959
1821
1024
-2490
-5484
-961
8257
10046
9198
4582
1224
-1188
-5143
-3481
1014
1318
1417
1939
2078
246
-5181
-5156
83
1838
2456
10408
9779
1644
-1709
-3996
-1170
1803
1909
2035
2172
1861
-2744
-6807
-4947
-2480
1211
1983
1817
1304
-599
-9411
-10564
-1853
1523
1127
736
951
1013
-3589
-4605
-892
1772
1544
1535
1469
1514
-1386
-5349
-2135
7489
7826
2798
1016
1688
-569
-5167
-3502
393
1613
1026
1124
1284
597
-2683
-2036
-355
981
-3809
1684
8013
2270
-3852
-6602
-3119
1057
1418
584
1237
1693
1224
-1259
867
1808
1743
2012
3033
10783
9413
2401
-1666
1079
1287
1107
1266
1624
186
-4951
-5359
-796
1339
1389
1545
1414
1218
-1094
-12126
-10397
3046
2115
1179
1627
954
-553
-3804
-4815
-2961
535
1419
237
-2771
-4734
-6327
-5119
501
11060
9904
7934
2771
793
-1534
-5212
-2026
731
1428
1397
1478
1439
-591
-5174
-4143
-197
1295
3532
11696
9698
7337
-1715
-3875
-1499
1375
1774
1104
736
1479
-566
-4216
-2034
1198
1692
1638
1440
2828
6533
-5180
1204
2631
1837
1744
2078
2076
2214
557
-1782
324
2323
2553
2443
2533
2519
2238
4064
10828
10271
8210
3024
1871
1698
1906
1375
1713
1784
2064
1976
2254
2066
1592
2079
1954
2151
5127
12666
10139
7198
2660
1973
1296
-1835
-1329
973
1533
1856
1223
956
1159
1552
1959
2235
2169
5004
12202
8959
3916
998
1471
1629
1800
1954
1753
1150
-1631
-3216
-1522
664
1803
2141
2086
2103
1628
-5670
-889
6482
2344
1702
1993
2024
1953
-1019
-3901
334
2294
2281
1722
1634
2084
-3267
-33896
-32357
10313
10363
7452
2468
1615
207
-4237
-1367
1440
1676
1374
1433
1862
1034
-3256
-3402
1352
1703
5433
11453
8969
5876
-3010
-5233
-932
1218
1076
1576
1486
628
-2681
-4986
-3265
314
501
513
1445
4063
4972
-10799
-11597
-5564
-5564
-811
1083
720
-1944
-8841
-8772
-3976
457
-212
1282
314
-1891
-5397
-12541
-15769
-1855
5466
1952
1360
860
-1056
-6094
-5822
-2945
738
1285
1322
1341
-167
-6834
-6304
-1290
6913
12138
9673
6094
1933
-2670
-5743
-3010
1168
1908
1862
1850
-385
-2184
-6984
-5913
-2446
1330
1690
6225
8188
428
-8941
-7657
-2851
748
1185
1536
1585
84
-5417
-7933
-3922
529
1227
1239
939
239
-9243
-16828
-12009
-4847
183
1146
1185
107
-3257
-6537
-8148
-4744
492
846
520
-689
-3684
-5227
-6463
2094
10125
8007
4449
1534
1501
471
-4599
-4205
356
1293
1344
1369
284
-4311
-8241
-8911
-7363
-3831
204
3989
-1236
-6540
-9236
-10428
-7586
-3799
695
913
-1012
-5053
-7697
-9741
-8902
-5289
211
1167
-394
-8704
-14606
-17107
-11360
-5692
-974
1511
-197
-4369
-6053
-9671
-10375
-7199
-3562
-778
-37879
-56214
-11217
-8950
-18314
-17880
-12802
-3844
1646
-629
-4576
-7204
-10424
-10032
-6609
-3051
798
609
-4574
-6868
-9050
-11169
-9045
-4739
3887
-3469
-8187
-7579
-9563
-10379
-9470
-6311
-3513
-2451
-4001
-7016
-8994
-11221
-11572
-7852
-6150
-2109
-6154
-13221
-15294
-12987
-12047
-9792
-7413
-3011
-1239
-6078
-8187
-11434
-12197
-9979
-7817
-4508
-2180
-6050
-9204
-18522
-21412
-18606
-10317
-5289
-2391
-4975
-8027
-10903
-13319
-11979
-10117
-7515
-6066
-7477
-8262
-9306
-12282
-14752
-20349
-18132
-13021
-6548
-7216
-8799
-12192
-16369
-16203
-12706
-11676
-11503
-13040
-15891
-16293
-17682
-18534
-15838
-13897
-21766
-21154
-18102
-14016
-14697
-17025
-14596
-12933
-10743
-9656
-10704
-12507
-15279
-17289
-15434
-12086
-8849
-7672
-11139
-21357
-22494
-23263
-17627
-13354
-9631
-7794
-8644
-10557
-12311
-14073
-15498
-14141
-11301
-8582
-7931
-10665
-11393
-14709
-26132
-26751
-19126
-9567
-6129
-8648
-10238
-11065
-13919
-14479
-12443
-9359
-7042
-8754
-10631
-11919
-15443
-15799
-14753
-21306
-17001
-14366
-11737
-11256
-13721
-17175
-15758
-11744
-9717
-11111
-12257
-13473
-15256
-18662
-17650
-13092
-11300
-12533
-21744
-20696
-21409
-18989
-17748
-15713
-12984
-11182
-10879
-13036
-16647
-19558
-19749
-17259
-13014
-11805
-11267
-12160
-17286
-26990
-26325
-24241
-16539
-12326
-9509
-11834
-14154
-14471
-17981
-19390
-17501
-13901
-10807
-10938
-13561
-15334
-17267
-21652
-27552
-22734
-17449
-11365
-11383
-14005
-18352
-26319
-26525
-18589
-13487
-12569
-12620
-15212
-16782
-18975
-17992
-15338
-15674
-20142
-18246
-18790
-14738
-17052
-18941
-18009
-14774
-11136
-10661
-13119
-15437
-17143
-20451
-20180
-17027
-12834
-10794
-15452
-24171
-23432
-24781
-20070
-16394
-12661
-10666
-11094
-13696
-16804
-20159
-20321
-18705
-14808
-11702
-10996
-12761
-13429
-19254
-28282
-24762
-18273
-11455
-9408
-10361
-12104
-14895
-17394
-17048
-13566
-10812
-8569
-8476
-10607
-12650
-17039
-17269
-17568
-19850
-16247
-12564
-10061
-11939
-14022
-15703
-13487
-10992
-8605
-7051
-9045
-10192
-12266
-14272
-13237
-9922
-6057
1446
7668
-1350
-2821
-5361
-4960
-776
1441
1745
2015
2149
1961
-851
-4609
-1329
2364
2393
2223
2269
6619
11147
3581
3102
2333
2340
2243
2186
2127
2309
1674
1433
1879
1304
1028
1334
1516
1527
32
-31078
-49981
1380
4854
1064
1344
1472
1391
-1182
-276
1552
1206
1034
1597
1636
851
-4154
-6101
-3653
5079
10004
8356
4320
-6190
-8897
-8366
-3629
443
734
-1111
-6632
-8891
-10231
-9909
-6922
-3630
-1932
-7487
-14084
-15982
-15914
-12643
-5380
-4427
-3962
-5577
-7576
-10734
-12931
-11061
-7781
-6166
-5463
-7215
-8796
-18575
-22600
-18434
-11799
-5304
-4968
-5284
-8048
-9819
-12143
-13439
-10237
-6901
-5823
-6126
-6666
-7353
-9784
-12823
-18227
-17720
-11378
-5618
-6524
-7967
-10597
-12979
-11207
-9981
-6265
-4665
-5538
-8686
-10572
-12832
-12735
-9669
-5885
-10281
-15539
-15302
-12629
-11395
-13978
-12315
-8157
-5856
-4842
-6378
-8536
-11927
-13937
-12694
-9257
-6305
-10183
-31142
-27381
-20287
-20901
-16698
-10514
-6822
-5326
-5486
-7468
-8964
-11052
-13181
-10714
-7651
-5518
-5934
-7639
-9515
-12664
-22741
-22357
-15620
-8931
-5747
-7681
-9464
-11665
-13616
-13035
-9630
-5997
-5770
-7882
-8982
-11596
-14455
-13997
-12148
-17392
-16579
-14162
-10111
-10587
-12486
-14741
-13196
-9551
-7117
-5326
-7176
-8566
-10592
-15121
-12712
-10242
-7256
-6821
-16897
-18331
-17232
-14569
-13252
-10433
-7442
-6152
-6102
-7784
-9112
-11446
-14521
-11862
-8476
-6342
-5941
-8063
-10213
-19929
-22387
-20845
-12897
-8288
-17629
-69041
-37736
-10107
-13055
-14770
-11746
-7801
-5633
-6534
-8507
-10639
-13154
-15881
-21619
-17816
-13891
-7929
-7220
-9821
-11814
-15249
-12487
-8984
-5968
-5584
-7937
-9345
-10403
-12740
-13467
-10812
-8423
-14919
-14968
-14731
-12439
-13170
-13536
-11569
-8574
-6174
-6065
-7921
-10589
-11632
-14258
-13912
-9361
-6361
-5825
-8531
-19347
-19200
-20201
-15069
-10301
-7385
-5410
-5598
-8465
-9834
-12491
-13366
-10927
-7726
-6087
-6285
-6741
-8889
-13923
-24482
-19833
-14324
-7429
-5668
-6446
-8936
-11446
-14057
-12494
-10095
-6653
-6397
-7485
-8721
-10333
-12247
-13211
-13194
-17914
-14082
-11727
-8639
-11405
-12722
-13304
-12371
-9075
-6109
-5701
-7849
-10449
-12123
-15276
-15142
-12414
-8225
-7616
-16019
-16659
-17143
-14716
-14919
-14673
-10842
-8178
-8697
-10696
-11906
-13580
-17018
-15813
-11804
-8954
-7333
-9319
-15179
-24126
-24779
-20921
-13468
-8815
-8471
-9215
-9126
-12483
-15906
-15571
-13103
-9594
-8432
-7901
-9792
-12059
-15443
-20434
-24854
-16486
-12615
-8351
-9026
-10917
-12149
-15154
-14527
-10817
-8767
-7029
-8464
-10564
-11380
-14261
-14221
-12001
-12355
-17114
-14682
-13191
-10190
-12519
-14761
-11861
-8009
-6598
-6251
-7052
-8836
-10237
-11935
-11551
-8764
-5537
-5321
-9687
-18324
-16914
-16206
-10502
-6954
-4054
-3795
-7043
-5221
-5219
-6223
-6934
-4365
181
919
845
216
356
-4947
-23481
-36977
-9174
1323
591
375
-320
-4096
-7197
-7399
-4514
381
666
717
750
-2118
-7071
-9702
-14223
-14911
2822
4954
162
-2124
-4920
-6182
-3779
-562
344
414
664
107
-2772
-6796
-8055
-7032
-2567
1529
3313
-4650
-10106
-8203
-9369
-5943
-866
1199
1464
1375
-115
-3686
-5719
-4632
1
1537
1351
1381
-6227
-18334
-16224
-11468
-4936
-194
93
907
-2321
-6174
-9811
-11084
-6913
-1287
1085
888
758
1276
-934
-9056
-2964
7928
5990
2124
1849
1581
1580
1748
1226
1684
1963
1790
1904
2046
2028
1629
88
449
7589
11849
5271
1089
1119
-1410
-4779
-1758
1748
1568
565
1549
1636
839
-3871
-2169
1321
1539
1444
7536
11471
9078
3872
-1541
998
1817
1650
1757
1529
-2844
-7551
-10041
-8508
-2548
-699
-11
-2078
-5427
-13052
-18320
-16219
-10054
-3810
165
-597
-360
1136
-2496
-3498
-576
678
619
412
333
852
-590
-2307
2464
8936
8973
4870
1436
1514
1012
-2267
-1760
1076
1658
1198
997
1160
1576
-1219
-2299
1052
2181
9159
11281
9144
4290
-891
-3756
423
2043
2024
1877
1829
2017
970
-3783
-1092
1424
1967
1545
2280
8256
10044
479
-2004
1163
1952
2164
2219
2357
2369
219
-313
1861
2110
1615
1224
2544
2626
2036
873
7141
9952
5221
2398
2341
2333
2636
2049
1149
2206
2616
2334
1674
1631
1644
24
-1585
2262
10853
11682
9751
5007
2480
2253
503
933
2112
2242
2030
1958
1647
1333
1932
2257
1809
1173
2602
10724
10954
8776
3036
490
2079
2217
2060
1756
1894
1548
916
512
1292
1690
2201
2577
2473
2782
9028
2757
3801
4206
2522
2479
2564
2416
2239
2164
705
2438
2754
2714
2599
2071
1710
2420
1692
3430
9181
8718
3909
2154
1751
1237
-827
1465
1993
1882
1922
1919
2016
1765
10
-1849
1082
3216
10673
9034
7674
2872
773
-2986
216
1819
1998
1816
1971
1864
1097
-2086
609
2151
2092
1414
2823
11543
9748
2035
-2126
1509
1829
1610
979
306
1384
642
-668
509
924
1291
1929
1945
1841
2003
1785
5459
7229
1557
809
1341
1829
1183
-606
809
1702
1945
2071
2082
1968
2090
1770
-243
2139
11716
10038
8409
3071
1564
2113
1991
1622
1568
1988
960
1779
2418
2406
2251
2178
2177
2049
4233
12090
9863
8133
3155
1678
1168
1759
1615
109
-29
2043
2038
1669
1068
1111
1148
1200
976
3626
11516
9638
7963
2830
1794
1214
1203
1729
1709
1934
2054
2246
2286
2188
2136
1946
1782
2029
4869
12366
9989
7701
2591
1882
1621
940
1098
1755
1824
2034
1965
1901
1776
1440
853
-67
-479
4696
12163
9574
6971
2421
1413
706
895
1009
1101
1661
1606
1214
816
110
-172
991
1390
-13716
-52719
-5961
9206
4441
285
1629
1909
1981
2040
1327
1298
2244
2175
2054
2009
1948
1956
2029
2250
5151
7891
5265
6123
2068
1345
1421
1705
1796
1479
1493
1484
1879
1981
2133
1899
2192
2319
2383
6679
12499
9831
6588
2222
1582
1756
2162
1859
1325
1286
1399
1379
1952
2353
2332
2176
2204
2156
6919
12534
9409
5833
1709
1725
2206
2678
2498
1960
2261
2157
2013
1766
2574
2795
2900
2637
2478
7829
12600
10303
6923
3012
2886
2949
2856
2859
2860
2347
2558
2801
2346
2128
2754
2811
2591
2459
8270
12693
10283
6651
2386
2144
2386
2712
2603
2390
1983
1513
1674
2404
2048
1814
2303
2370
2263
8378
12356
9557
5285
1479
1293
1351
2041
2109
1902
1879
1888
1574
1676
1893
1395
953
1314
2056
8119
10983
8936
5212
1711
2123
2124
2243
2098
2334
2379
568
-30166
-38902
-1316
1406
1314
1294
1802
8608
10783
8425
4513
1349
1440
1316
1360
1798
1857
1761
1196
1399
1787
1772
1843
1590
1046
1688
8969
11246
9046
4838
1468
1392
1171
1735
1900
1933
1894
1654
1934
2024
2142
2101
1689
1603
1899
8671
11396
9444
4991
1932
1949
2187
1681
1246
1669
2158
2232
2163
2215
2201
2167
2170
2249
2648
8569
9941
8930
4776
2379
2282
1854
1996
2244
2261
2128
2061
2182
2096
2048
1971
2089
2008
2551
9036
9808
7979
4084
1856
1704
1999
1923
2349
2404
2331
2523
2363
2123
1663
1911
2696
2734
3351
11028
10588
7719
3428
1548
1803
2214
1532
1720
2141
-2634
-16847
-4146
1919
1779
1930
2059
1993
2746
10656
10456
8508
3155
1538
1867
1794
1811
1970
1882
1916
1912
1934
2083
2069
1951
1991
1988
3110
11258
10139
8114
3736
1409
1696
1947
1954
1914
1694
2218
2146
1704
1593
1724
2233
2344
2270
3286
11369
10738
8877
3843
2069
1487
1899
2461
2490
2428
2044
1456
2026
2358
2467
2260
2209
2281
3856
12117
10860
8977
3949
2354
1891
1563
2053
2369
2352
2250
1871
1459
1457
1766
1548
2078
2115
3666
11869
10456
8588
3406
2109
2128
2083
1519
1926
2195
1014
-550
-1379
1176
1826
1843
2254
2224
1795
4801
8943
7387
2423
1783
2014
1823
1597
673
958
1582
1744
1516
1169
1028
1816
2032
1851
4244
12213
10108
7828
2531
2020
2158
2034
2086
1813
864
1392
1733
2208
2161
1976
1823
2251
2271
4599
12559
10473
8245
3306
2286
2227
2203
2331
2489
2350
1766
2278
2084
1798
2289
2273
2269
2248
5061
12307
9293
7222
2728
1635
1734
1943
2023
2336
2301
2143
1644
1631
2339
2594
2263
2248
2420
5605
12834
10367
7692
2768
2285
2440
2389
2485
2521
2049
2080
1808
1314
1647
1650
2067
2141
1957
5650
12729
10172
7519
2929
2480
2039
2015
2611
2783
2706
2468
2521
2579
1925
2749
2957
2823
2477
6602
13071
10466
7376
2604
2228
2198
1572
1470
1956
1707
1803
1633
2072
2173
1369
1981
2299
2433
6733
12576
10030
7001
2237
1719
1496
1369
1676
2118
2177
2201
2016
2271
1490
-315
-1169
-1490
-719
-2190
3579
9231
6516
2415
1907
2219
2153
2094
2350
1963
2049
1933
1556
1666
2319
2199
1573
2002
7248
12048
9856
6733
2397
1981
2481
2514
2422
2425
2694
2703
2705
2758
2578
2659
2688
2438
2023
8429
12978
10367
6861
3174
2831
2275
2821
2814
1424
-4621
-2932
-191
2082
2133
-3217
-1674
1873
1964
-944
-5571
7446
6203
2654
2072
2236
2450
2433
2498
2636
2784
2703
2285
2284
2233
2079
1780
1998
8112
11208
9501
5406
2169
2489
2623
2751
2799
2758
2826
2840
2701
2613
2651
2466
2336
2441
2642
9241
11635
8525
5054
1551
1686
2011
1583
453
378
2157
1898
1523
1826
2086
2272
2346
2186
2351
6983
9869
8798
4688
2432
2192
2171
2259
2103
-846
-4107
-1727
2038
1453
1694
2156
1908
-3311
-5302
-1924
7717
9736
5064
1781
2399
2427
1861
1978
2743
2485
1867
2377
2774
1599
-3743
255
2398
2516
10401
11424
8999
4476
-2104
-4191
-1386
1651
2095
2345
2291
1263
-3082
-4209
-5373
327
2108
1743
1692
3035
1945
-3204
-3246
1121
1121
1575
1850
1744
1086
-2193
-6131
-1187
1322
885
1106
1584
383
-1661
-8003
-2842
3803
2479
743
1151
784
-1534
-3952
-3615
-294
793
1123
1059
1269
1179
1427
1401
2274
10209
9984
7909
2951
896
1197
957
514
-146
172
-129
-974
361
-322
-2967
-2386
231
528
1189
9452
8942
7291
2127
-1226
-38
304
482
264
174
422
217
-472
260
246
204
-219
-471
909
6899
-921
3870
1800
18
116
63
-40
-274
-1704
-2341
-1241
-885
-896
-909
-872
-517
-1519
-3842
-4359
4980
6206
1114
-766
-593
-679
-2837
-1597
-615
-447
-692
-652
-699
-1210
-2997
-4047
-1741
834
9008
7330
5301
334
-1478
-2251
-1249
-902
-886
-836
-860
-957
-2057
-2986
-1622
-913
-822
-820
659
8228
6031
-2957
-3082
-1004
-791
-753
-811
-882
-949
-1562
-2544
-1538
-972
-953
-950
-964
-957
-3515
-12121
-7302
17
-214
-957
-932
-956
-1174
-2687
-2656
-1210
-942
-944
-962
-954
-1024
-1869
-2379
-1339
1775
4961
3785
-291
-964
-1851
-3914
-2836
-1062
-949
-934
-940
-952
-1172
-3092
-3547
-1383
-955
1145
7453
4241
-3642
-5190
-4901
-1951
-976
-950
-932
-936
-1427
-3183
-4689
-2762
-1169
-949
-942
-949
-1828
-7284
-12029
-9211
-1974
-959
-950
-951
-974
-1492
-4637
-4677
-2428
-1217
-950
-943
-959
-1269
-3266
-7184
-11571
1458
3598
-454
-953
-986
-1726
-4569
-4527
-2031
-1017
-941
-954
-1016
-1901
-4708
-5107
-2905
961
6831
5303
2014
-1398
-3763
-5472
-3773
-1216
-929
-924
-1117
-1507
-2760
-4724
-4986
-3017
-1143
-938
1515
2215
-7836
-9230
-5852
-3068
-1087
-922
-722
-941
-3082
-5654
-6932
-7409
-4283
-1259
-2271
-4414
-3522
-9183
-16451
-11746
-6134
-1692
-763
-672
-1526
-4777
-7941
-7885
-5335
-2058
-981
-990
-1399
-1703
-5306
-7652
-6672
-3518
1836
2398
-1120
-1440
-4208
-6869
-5587
-2372
-942
-798
-1026
-1688
-4371
-7228
-6452
-3584
-652
4201
8230
-1442
-5686
-5682
-8067
-5337
-1256
-296
-297
-297
-917
-4046
-6358
-3607
-787
-230
-513
-809
-1119
-3596
-11842
-9419
-2797
-509
-336
284
483
-244
-5015
-6707
-4004
-571
606
556
541
271
-2681
-11756
-13257
-3379
3186
578
144
-169
-2719
-5301
-5216
-1435
552
439
424
-20
-1737
-4528
-5130
-3012
5801
9958
7531
3861
-786
-4285
-6151
-3929
-374
350
-2
491
359
-2186
-5665
-2827
373
873
1074
6971
9491
3989
-5740
-5705
-1490
713
275
406
999
251
-3327
-5567
-4697
-636
1011
1116
1064
988
3982
-801
-1584
2523
274
651
887
513
634
-160
-2628
-254
1184
1351
1591
1579
1224
-4407
-7019
-4669
1619
7553
4326
1393
786
-2829
-7257
-6153
-1394
933
786
-869
-7021
-11555
-14601
-13502
-10970
-4683
5407
9214
7833
1975
-8527
-45107
-46105
-2774
719
-837
-871
-520
-4632
-7702
-6048
-732
2018
1673
1671
8111
7575
-7312
-6875
808
2263
2205
2233
2125
-1065
-6551
-6624
-7849
-4830
1240
2142
2119
2203
-1314
-9692
-1924
7524
3546
1428
2248
2519
888
-4814
-4499
431
2207
1939
595
1356
1267
-3722
-4390
1991
11366
11376
9301
3824
1633
496
-4044
-2421
1776
1947
1559
1371
1329
-261
-3210
-3013
373
2178
2916
10064
10611
8310
-1162
-3462
1380
2278
1614
1458
1708
1348
528
-2104
-1501
949
2040
2284
1955
2746
8743
2192
2088
3031
2012
1913
2013
1944
1099
-1674
196
1930
1929
2056
1809
1393
1658
-2542
-4270
4829
9958
8612
3309
1343
1279
211
-3257
-1314
1171
1388
1528
1569
2243
1641
-3239
-4185
-516
3751
11898
10005
8678
3614
-1225
-4777
-2461
1325
1999
2044
2001
2040
811
-3881
-1566
1448
1699
1198
4173
12509
9499
-1830
-3711
1888
2360
2110
2424
1963
1959
-161
-4137
-1305
2080
2307
2264
2331
1778
1052
1003
3658
7860
2930
1673
2115
2043
1341
-2290
-1630
1999
2302
2437
2304
2286
2461
1001
-2554
2584
10791
10144
8155
3181
2359
861
-3617
-1631
1695
1962
-787
-1114
2261
993
-5307
-4846
1758
2625
5314
12296
9378
7581
-1539
-4859
15
2213
1919
1488
1784
1898
393
-4631
-2700
1786
2526
2435
2423
5305
8361
-5906
-1804
2697
2356
773
-1137
1301
2111
-1321
-2663
1959
2241
1903
2214
2559
2683
1361
-3424
6077
10264
6993
1818
2073
2126
974
-3582
-3279
1638
2496
2438
2425
2203
2341
-847
-2117
1434
6001
12930
10359
7268
2016
1003
-1652
-71
1953
2066
2235
2368
2320
2046
946
1598
2244
2036
2065
6232
12241
9736
4773
-994
1176
1296
1829
1920
1682
1809
1632
-1231
706
1692
1653
1834
1484
1896
703
-4150
2174
6231
2666
2228
2038
1787
2165
1589
2292
2725
2698
2699
2706
2456
2091
1335
1679
7504
12490
9831
6492
2053
1930
1770
2
1264
1854
1774
2254
2433
2341
2245
2079
2196
2373
2336
7718
11858
9331
5658
988
1008
2062
2142
1616
1571
2390
2348
2273
2468
2101
1654
2387
2502
2600
8163
11359
7276
4783
1943
2585
2734
2832
2457
1532
1278
1888
2596
2876
2563
2546
2810
2715
1184
-1216
2925
-5260
-2921
2314
2119
-2191
-374
-5802
-5666
100
-831
978
1877
2488
2489
712
-769
2396
9456
12361
10003
5873
2233
2504
2114
2051
2593
2695
2089
1429
1662
2521
2728
2739
2650
2677
2845
9286
11400
9574
5596
2848
2504
2258
2156
2331
2677
2729
2479
1516
2151
2678
2717
2835
2273
2613
9646
9981
9494
4697
2287
2369
2291
2750
2645
2652
2760
2699
2556
-1589
-28894
-27326
546
1861
792
10037
11683
9320
4636
2098
2043
2209
2264
2335
2049
2194
2183
1942
1792
724
-2013
1213
1941
2844
10664
11287
8636
3889
1731
2169
2424
2355
2356
2398
2086
2456
2572
2663
2718
2268
2026
2437
3283
11104
11411
9628
4669
2655
2693
2612
2764
2742
2789
2979
2707
2642
2909
2862
2826
2335
2323
-359
-10168
3169
8770
3531
2024
2156
2226
1723
-2713
-4449
1556
2103
2164
2234
2266
2744
394
-237
3331
12185
11285
9121
4153
2496
2174
2422
2415
2057
1735
1885
2377
2508
2394
2111
1784
2326
2425
3203
11001
10624
8815
3474
1534
1402
1534
2047
1709
1545
2004
-1004
-4691
-350
1416
1685
1810
2096
2488
2317
-6454
-8030
1479
2023
2149
2246
2296
1991
1981
1568
1562
1944
1758
1959
2435
2353
2124
3946
11694
9548
7368
2703
1926
1977
1913
1844
1758
1816
1806
1504
1784
1758
1516
1036
1167
981
3341
11688
9704
6896
2261
931
-4586
-3230
-259
579
981
778
19
-2547
-5365
-2992
1149
1182
1171
3625
11845
8749
1626
421
1198
1166
1161
1464
1594
1664
1066
184
732
1033
1609
1677
1671
1412
2481
5798
7405
7218
2168
805
1145
1173
1024
-164
204
1189
1371
1273
979
949
1299
-1375
-7022
-3014
2640
8353
6829
1226
-2767
-4027
-6671
-5757
-2272
1379
1489
1053
1548
1506
349
1121
1449
1531
4718
11462
8991
6351
757
94
776
538
844
946
468
452
-1022
-2509
-712
31
205
-8121
-7571
3026
1300
-11422
-6731
-2392
391
588
-189
-1305
-2309
-5349
-6214
-2700
-2080
-78
175
269
413
-522
-679
4864
7614
5253
418
-693
-1578
-648
-2977
-4134
-1195
-308
178
301
-551
-2756
-5173
-4594
-2146
3894
9981
7868
5016
814
-1019
-4420
-1611
-218
121
-149
-564
-422
-1072
-4307
-1942
-322
108
506
5122
9836
7269
4324
117
-135
173
-231
209
416
349
-424
-351
295
490
261
24
-16
-52
-1471
-5774
1351
2520
92
-310
-567
-762
-1031
-1615
-1484
-781
-852
-701
-739
-759
-784
-1126
-3163
2291
8849
6313
2563
-832
-900
-1096
-1869
-1220
-682
-686
-814
-926
-887
-858
-1437
-997
-837
-611
5224
8723
6432
2662
-889
-935
-886
-932
-926
-934
-939
-925
-1016
-1134
-962
-939
-910
-936
-827
5006
8154
3365
286
-908
-938
-932
-953
-956
-1103
-2834
-3529
-1572
-943
-931
-936
-936
-934
-1034
-3477
-515
5755
2329
-817
-915
-905
-963
-1454
-1704
-1007
-944
-816
-848
-828
-739
-973
-976
-498
6359
8222
6044
2001
-862
-944
-1084
-1100
-971
-927
-930
-941
-902
-910
-1297
-1041
-857
-951
-486
7033
8758
6316
1848
-916
-830
-468
-480
-504
-434
-254
-499
-986
-324
-284
-288
-164
-227
-186
3118
5381
6096
1994
-282
-440
-526
-342
-624
-1087
-1124
-862
-768
-564
-617
-483
-532
-850
-1212
3445
7628
6557
1801
-669
-349
-501
-903
-779
-563
-537
-628
-528
-676
-592
-1388
-4576
-3131
148
7532
5574
6062
1990
-657
-1814
-752
-118
-169
-193
-307
-142
-293
-927
-249
-155
-430
-281
766
9112
8117
-638
-2437
-117
-680
-855
-426
299
411
-311
-494
-539
-714
-506
-119
-141
-184
149
128
4349
6574
1750
425
343
418
233
-2117
-1044
219
-128
-178
-166
-20
474
724
488
1349
9089
8876
7185
2013
223
389
-336
448
593
489
311
567
621
180
-1469
-323
39
416
2047
10075
9281
7307
407
-841
96
293
863
504
-3061
-5905
-7911
-8916
-7674
-4294
-1725
-636
-1591
-4417
-9705
-16130
-11206
-2956
358
358
347
-754
-359
-2372
-3664
-937
351
339
69
501
677
569
988
4896
7689
6229
1171
541
448
571
380
758
844
726
684
673
206
764
783
735
651
2966
10885
8673
6541
1738
539
-77
576
498
235
336
558
1071
1079
849
1087
1041
806
607
3464
11395
9087
6395
1693
586
317
881
1073
771
796
725
318
578
1051
1295
1528
1559
1201
4292
11624
9163
7108
2351
1571
1336
1454
1236
669
423
456
683
1137
1368
1521
1471
-11
-2649
3327
11849
9580
7135
2286
1456
298
-24
914
1441
1161
1209
1167
1781
1961
2021
1867
1838
2007
5513
12406
9671
7297
2579
2056
1879
1848
1755
1134
831
1159
1159
-484
933
1846
1746
1808
1844
5699
12158
8730
6476
2224
1799
1863
1881
1959
2112
2014
1953
2008
1653
1653
2134
2039
2042
1663
4089
10857
8789
5814
1473
1540
2021
2158
2018
2360
2294
2505
2682
2777
2071
1561
2503
2579
2459
7063
12730
10165
6954
2795
2407
1856
2303
2449
2451
2409
2283
2473
2429
2543
2086
1806
2321
2469
8042
13294
10317
6586
3033
2404
2630
2881
2978
2902
2925
2737
2590
2694
2633
2313
2163
2189
2746
5203
8736
10051
6594
2758
2354
1857
1743
1981
2210
1736
2019
2369
2568
2516
2270
2313
1716
1773
8199
12390
9971
5771
849
2081
1923
-13879
-27142
682
2319
2434
2491
2223
2242
1921
1748
2336
2050
8156
11571
9438
6195
2454
2440
2392
2404
2501
2444
2573
2611
2434
2430
2499
2389
2019
2158
2403
8534
11475
9315
5509
1604
1729
1638
1972
2111
2414
2648
2645
2599
2418
2291
2333
2064
1620
1692
6866
10389
9180
5554
2321
1841
2411
2651
2153
2276
2825
2956
1743
2222
2916
2829
2501
2767
3172
10263
12189
9324
5034
2678
2211
2526
2878
2958
2880
2801
2134
-1591
627
2799
2904
3213
2971
3282
10971
12553
10362
5411
2793
3054
3278
3362
3430
3421
3468
3579
2548
-741
1897
2399
2536
3118
3798
8856
6038
8572
5761
2680
2684
2938
3185
2354
-5787
-5363
-1017
1963
3093
3036
2208
218
-5730
-2145
10116
12056
9704
4598
2856
2146
2355
3149
3368
3344
3255
2689
2211
2379
2718
3126
3227
3178
4046
12034
11562
9414
5094
-650
-7240
97
2612
2946
2773
2722
2531
2638
3028
2961
2832
2964
2766
3526
11856
11303
9318
4664
2687
2734
2518
1779
2618
3021
2932
2894
2851
2520
2817
2921
2035
1749
-49
3460
8219
9047
3588
1686
1989
2877
2776
950
660
1934
1952
2218
2974
3098
2946
2813
2659
3418
11838
11651
9967
4820
3030
3020
3031
3290
2987
2098
1988
2074
2510
2436
2141
2471
3063
2890
4361
12710
11524
9464
4086
2388
2690
2703
1768
1106
2094
1509
-896
-2861
385
2815
2941
2938
3053
4981
13119
10349
8599
3784
2413
2349
2531
2952
2783
3068
3108
2541
2774
2924
2622
3102
3259
3277
5089
12506
10381
8724
4107
2859
2871
2902
2894
2923
3184
2801
2023
1880
2303
2724
2740
2744
2505
4798
13096
10881
8579
3319
-627
-1434
1011
2376
2337
1916
1774
2158
2401
1550
2214
2741
2798
2381
4542
12356
10421
7983
2647
1878
2210
2263
2162
1643
1606
1524
1475
2057
1976
1321
2217
2304
2291
3384
9064
9901
7518
2319
1816
1898
2045
1894
1611
1620
1631
1276
903
-1002
-1387
-124
-2814
304
4346
11139
8766
6831
2040
946
837
451
524
764
1403
1261
1086
1142
1403
1314
1351
969
1271
5271
12419
9793
7264
2455
1756
2084
2163
2293
2506
2345
2204
1414
-1449
1352
2253
2243
1614
1137
5726
12636
8852
4880
2311
2014
2028
1466
1587
7
-4442
-3792
-470
911
1241
1551
1503
1362
821
-597
7578
9552
6840
2136
1536
1569
623
-2178
354
1478
1248
1649
1296
1044
1063
1454
1969
2031
5951
11011
9431
6333
1766
760
323
2143
2170
1758
1693
1937
1911
967
57
1103
1794
1861
2097
6302
8709
-1365
-7374
-3913
-2158
473
869
1259
1141
853
885
1253
1581
1553
952
1067
1591
1443
2336
2111
5393
4338
1577
1719
1303
1246
1558
-52
-386
1351
1666
1324
1001
1376
903
682
-467
5445
11141
9041
5049
871
1256
733
-1119
99
957
921
1193
1173
801
-1028
-4702
-4564
-1298
456
6661
10538
7694
3987
-176
-1014
1239
1486
1544
1559
1486
998
-919
-2223
1136
1289
1333
1254
1372
7667
9226
-4586
-3531
1010
890
652
1148
1332
1130
-846
-3229
-274
458
751
592
600
871
900
7364
10287
8106
4121
687
575
-11
-1171
-3524
-2481
-1001
-529
-65
297
121
273
-2217
-3887
-544
6796
9576
7793
3286
-621
-3718
-4157
-1006
113
529
344
358
744
-47
-2124
-441
-124
-22
828
8236
9745
6653
779
-1501
284
-108
-10
-829
-1392
-24
-214
-3166
-1733
332
417
8
-44
-1091
-8121
-13987
-6161
-859
36
17
-580
-1312
-1668
-598
-256
299
239
148
57
-37
294
-299
-894
7583
9398
7049
2703
374
462
-370
-1214
-319
-254
-742
-649
-142
-34
-272
-2176
-1202
-43
958
9039
9354
7248
2366
136
61
-14
146
186
165
343
88
1
56
-486
-572
-730
-600
679
8499
8091
5319
1055
34
-229
-26
-64
-82
-16
-837
-544
-235
-466
-639
-227
-77
69
221
3558
7708
6796
1904
99
48
86
-336
-751
-210
178
85
-106
-164
-621
-502
-1116
-1665
1611
9741
8896
7055
1593
86
-1049
-1353
453
258
-183
-267
-286
473
650
-796
-977
631
607
1871
10149
8593
6601
571
-2102
-937
-502
145
394
276
90
-1657
-2579
-669
483
58
-134
195
1713
7319
-2312
-13452
-3341
464
-146
50
445
-27
-2718
-1349
76
269
343
108
146
-237
-4098
-8106
-1596
4694
5792
1039
57
-2741
-4731
-4112
-1737
234
408
123
319
428
-54
-2924
-2853
-284
2070
9966
8365
6132
-965
hr=82.29324
